0.0000000000
0.1469091475
0.5229313374
0.9624494910
1.2718803883
1.3187080622
1.1213603020
0.7636854053
0.3757160902
0.0984970033
0.0264789183
0.0254028775
0.0231590010
0.0204197485
0.0180060863
0.0166413859
0.0163598955
0.0155033330
0.0140534686
0.0123681659
0.0108633675
0.0099104512
0.0096958866
0.0095380284
0.0092150094
0.0087924562
0.0083561558
0.0079947170
0.0077815577
0.0077333534
0.0076087876
0.0073650922
0.0070429603
0.0066961874
0.0063826796
0.0061547877
0.0060505657
0.0060363011
0.0059937648
0.0059235916
0.0058354009
0.0057413024
0.0056542070
0.0055860667
0.0055462299
0.0055349399
0.0054839901
0.0053770496
0.0052261720
0.0050483709
0.0048636836
0.0046929331
0.0045553562
0.0044664750
0.0044363006
0.0044308002
0.0044151186
0.0043907077
0.0043598218
0.0043253293
0.0042904140
0.0042583072
0.0042319871
0.0042138887
0.0042056809
0.0041987672
0.0041691558
0.0041177957
0.0040485836
0.0039667799
0.0038786030
0.0037907516
0.0037098948
0.0036421847
0.0035927612
0.0035653820
0.0035591268
0.0035421290
0.0035065794
0.0034546892
0.0033896964
0.0033156530
0.0032371788
0.0031591621
0.0030864715
0.0030236368
0.0029745768
0.0029423523
0.0029289688
0.0029245052
0.0029084529
0.0028811130
0.0028438752
0.0027986516
0.0027477543
0.0026937847
0.0026395090
0.0025877000
0.0025410091
0.0025018223
0.0024721513
0.0024535069
0.0024468491
0.0024436102
0.0024335098
0.0024169593
0.0023946506
0.0023675226
0.0023367098
0.0023035065
0.0022693095
0.0022355504
0.0022036477
0.0021749407
0.0021506310
0.0021317410
0.0021190671
0.0021131339
0.0021112757
0.0021035571
0.0020894133
0.0020693233
0.0020439799
0.0020142589
0.0019811816
0.0019458886
0.0019095923
0.0018735436
0.0018389812
0.0018071007
0.0017789912
0.0017556283
0.0017378090
0.0017261539
0.0017210586
0.0017196789
0.0017145069
0.0017053274
0.0016924023
0.0016760953
0.0016568651
0.0016352561
0.0016118786
0.0015873900
0.0015624848
0.0015378661
0.0015142269
0.0014922357
0.0014725134
0.0014556174
0.0014420226
0.0014321154
0.0014261736
0.0014243518
0.0014230605
0.0014195268
0.0014138316
0.0014061077
0.0013965331
0.0013853295
0.0013727582
0.0013591076
0.0013446946
0.0013298542
0.0013149288
0.0013002647
0.0012861987
0.0012730598
0.0012611505
0.0012507476
0.0012420926
0.0012353833
0.0012307767
0.0012283783
0.0012278970
0.0012266840
0.0012242044
0.0012205046
0.0012156568
0.0012097519
0.0012029026
0.0011952390
0.0011869050
0.0011780618
0.0011688743
0.0011595179
0.0011501701
0.0011410099
0.0011322089
0.0011239364
0.0011163474
0.0011095880
0.0011037843
0.0010990477
0.0010954682
0.0010931143
0.0010920297
0.0010917942
0.0010909385
0.0010893579
0.0010870777
0.0010841332
0.0010805699
0.0010764429
0.0010718186
0.0010667667
0.0010613659
0.0010557012
0.0010498608
0.0010439352
0.0010380155
0.0010321977
0.0010265679
0.0010212153
0.0010162247
0.0010116720
0.0010076286
0.0010041576
0.0010013134
0.0009991395
0.0009976694
0.0009969267
0.0009967688
0.0009962497
0.0009952161
0.0009936811
0.0009916644
0.0009891912
0.0009862935
0.0009830088
0.0009793782
0.0009754482
0.0009712678
0.0009668937
0.0009623788
0.0009577821
0.0009531603
0.0009485746
0.0009440837
0.0009397421
0.0009356086
0.0009317343
0.0009281684
0.0009249565
0.0009221392
0.0009197550
0.0009178311
0.0009163941
0.0009154614
0.0009150458
0.0009149071
0.0009143428
0.0009133157
0.0009118361
0.0009099214
0.0009075901
0.0009048665
0.0009017785
0.0008983596
0.0008946451
0.0008906743
0.0008864878
0.0008821304
0.0008776471
0.0008730848
0.0008684921
0.0008639152
0.0008594040
0.0008550044
0.0008507636
0.0008467245
0.0008429313
0.0008394220
0.0008362332
0.0008333999
0.0008309501
0.0008289111
0.0008273025
0.0008261422
0.0008254417
0.0008252088
0.0008250750
0.0008246763
0.0008240186
0.0008231041
0.0008219429
0.0008205445
0.0008189211
0.0008170864
0.0008150563
0.0008128476
0.0008104789
0.0008079721
0.0008053479
0.0008026279
0.0007998379
0.0007969987
0.0007941378
0.0007912769
0.0007884424
0.0007856577
0.0007829474
0.0007803337
0.0007778406
0.0007754879
0.0007732962
0.0007712853
0.0007694713
0.0007678707
0.0007664963
0.0007653599
0.0007644721
0.0007638400
0.0007634691
0.0007633606
0.0007632475
0.0007629468
0.0007624602
0.0007617921
0.0007609459
0.0007599276
0.0007587450
0.0007574062
0.0007559207
0.0007542987
0.0007525525
0.0007506935
0.0007487345
0.0007466897
0.0007445740
0.0007424015
0.0007401882
0.0007379489
0.0007356991
0.0007334562
0.0007312344
0.0007290505
0.0007269192
0.0007248545
0.0007228730
0.0007209867
0.0007192104
0.0007175560
0.0007160354
0.0007146588
0.0007134362
0.0007123760
0.0007114857
0.0007107714
0.0007102389
0.0007098909
0.0007097303
0.0007097033
0.0007096225
0.0007094711
0.0007092499
0.0007089610
0.0007086052
0.0007081854
0.0007077036
0.0007071624
0.0007065649
0.0007059149
0.0007052161
0.0007044725
0.0007036884
0.0007028676
0.0007020159
0.0007011376
0.0007002391
0.0006993234
0.0006983964
0.0006974646
0.0006965324
0.0006956048
0.0006946884
0.0006937880
0.0006929086
0.0006920548
0.0006912322
0.0006904454
0.0006896991
0.0006889972
0.0006883439
0.0006877425
0.0006871978
0.0006867126
0.0006862877
0.0006859279
0.0006856349
0.0006854090
0.0006852532
0.0006851670
0.0006851440
0.0006850496
0.0006848347
0.0006845014
0.0006840506
0.0006834847
0.0006828064
0.0006820187
0.0006811254
0.0006801308
0.0006790394
0.0006778564
0.0006765879
0.0006752389
0.0006738171
0.0006723277
0.0006707790
0.0006691779
0.0006675319
0.0006658483
0.0006641360
0.0006624029
0.0006606561
0.0006589054
0.0006571577
0.0006554225
0.0006537077
0.0006520205
0.0006503694
0.0006487629
0.0006472073
0.0006457115
0.0006442812
0.0006429235
0.0006416456
0.0006404525
0.0006393504
0.0006383442
0.0006374394
0.0006366391
0.0006359479
0.0006353697
0.0006349051
0.0006345587
0.0006343300
0.0006342217
0.0006342026
0.0006341433
0.0006340309
0.0006338654
0.0006336472
0.0006333777
0.0006330577
0.0006326882
0.0006322709
0.0006318077
0.0006312998
0.0006307493
0.0006301587
0.0006295296
0.0006288653
0.0006281678
0.0006274404
0.0006266847
0.0006259048
0.0006251037
0.0006242838
0.0006234485
0.0006226013
0.0006217457
0.0006208835
0.0006200203
0.0006191575
0.0006183002
0.0006174502
0.0006166112
0.0006157873
0.0006149804
0.0006141952
0.0006134328
0.0006126975
0.0006119917
0.0006113185
0.0006106805
0.0006100789
0.0006095181
0.0006089990
0.0006085234
0.0006080942
0.0006077117
0.0006073790
0.0006070954
0.0006068639
0.0006066845
0.0006065580
0.0006064848
0.0006064647
0.0006064347
0.0006063567
0.0006062323
0.0006060616
0.0006058450
0.0006055818
0.0006052756
0.0006049247
0.0006045326
0.0006040986
0.0006036246
0.0006031127
0.0006025640
0.0006019800
0.0006013633
0.0006007161
0.0006000390
0.0005993351
0.0005986068
0.0005978562
0.0005970852
0.0005962974
0.0005954940
0.0005946779
0.0005938525
0.0005930197
0.0005921823
0.0005913431
0.0005905046
0.0005896688
0.0005888398
0.0005880190
0.0005872096
0.0005864142
0.0005856352
0.0005848752
0.0005841363
0.0005834206
0.0005827313
0.0005820703
0.0005814389
0.0005808399
0.0005802749
0.0005797457
0.0005792549
0.0005788018
0.0005783899
0.0005780202
0.0005776933
0.0005774109
0.0005771730
0.0005769805
0.0005768347
0.0005767354
0.0005766843
0.0005766731
0.0005766438
0.0005765824
0.0005764889
0.0005763632
0.0005762067
0.0005760190
0.0005758003
0.0005755515
0.0005752732
0.0005749668
0.0005746326
0.0005742710
0.0005738835
0.0005734707
0.0005730342
0.0005725748
0.0005720938
0.0005715925
0.0005710715
0.0005705333
0.0005699789
0.0005694094
0.0005688267
0.0005682321
0.0005676272
0.0005670132
0.0005663920
0.0005657658
0.0005651354
0.0005645023
0.0005638693
0.0005632376
0.0005626073
0.0005619826
0.0005613633
0.0005607515
0.0005601489
0.0005595566
0.0005589774
0.0005584115
0.0005578606
0.0005573271
0.0005568112
0.0005563146
0.0005558387
0.0005553848
0.0005549539
0.0005545478
0.0005541665
0.0005538124
0.0005534842
0.0005531850
0.0005529140
0.0005526729
0.0005524620
0.0005522818
0.0005521326
0.0005520153
0.0005519298
0.0005518759
0.0005518550
0.0005518468
0.0005518161
0.0005517629
0.0005516876
0.0005515895
0.0005514697
0.0005513275
0.0005511639
0.0005509792
0.0005507739
0.0005505482
0.0005503024
0.0005500372
0.0005497528
0.0005494511
0.0005491314
0.0005487952
0.0005484423
0.0005480738
0.0005476913
0.0005472946
0.0005468849
0.0005464631
0.0005460303
0.0005455876
0.0005451352
0.0005446748
0.0005442069
0.0005437327
0.0005432526
0.0005427686
0.0005422808
0.0005417910
0.0005413004
0.0005408095
0.0005403192
0.0005398311
0.0005393464
0.0005388644
0.0005383885
0.0005379185
0.0005374551
0.0005370011
0.0005365550
0.0005361188
0.0005356937
0.0005352803
0.0005348796
0.0005344928
0.0005341202
0.0005337626
0.0005334211
0.0005330961
0.0005327887
0.0005324991
0.0005322279
0.0005319765
0.0005317444
0.0005315327
0.0005313414
0.0005311717
0.0005310228
0.0005308966
0.0005307919
0.0005307094
0.0005306489
0.0005306126
0.0005305972
0.0005305918
0.0005305712
0.0005305354
0.0005304837
0.0005304178
0.0005303363
0.0005302410
0.0005301301
0.0005300051
0.0005298654
0.0005297124
0.0005295451
0.0005293644
0.0005291710
0.0005289639
0.0005287453
0.0005285142
0.0005282715
0.0005280178
0.0005277533
0.0005274781
0.0005271937
0.0005268990
0.0005265961
0.0005262850
0.0005259660
0.0005256396
0.0005253068
0.0005249680
0.0005246236
0.0005242748
0.0005239211
0.0005235642
0.0005232046
0.0005228425
0.0005224781
0.0005221126
0.0005217475
0.0005213817
0.0005210173
0.0005206543
0.0005202939
0.0005199352
0.0005195803
0.0005192294
0.0005188833
0.0005185422
0.0005182072
0.0005178782
0.0005175561
0.0005172417
0.0005169353
0.0005166379
0.0005163492
0.0005160703
0.0005158012
0.0005155432
0.0005152957
0.0005150603
0.0005148366
0.0005146252
0.0005144266
0.0005142406
0.0005140682
0.0005139092
0.0005137641
0.0005136335
0.0005135168
0.0005134153
0.0005133279
0.0005132562
0.0005131990
0.0005131572
0.0005131302
0.0005131189
0.0005131146
0.0005130974
0.0005130659
0.0005130215
0.0005129630
0.0005128913
0.0005128055
0.0005127070
0.0005125948
0.0005124700
0.0005123317
0.0005121809
0.0005120179
0.0005118429
0.0005116556
0.0005114570
0.0005112466
0.0005110252
0.0005107924
0.0005105503
0.0005102975
0.0005100345
0.0005097626
0.0005094820
0.0005091921
0.0005088949
0.0005085897
0.0005082770
0.0005079574
0.0005076313
0.0005072998
0.0005069626
0.0005066200
0.0005062736
0.0005059231
0.0005055689
0.0005052116
0.0005048516
0.0005044906
0.0005041272
0.0005037639
0.0005033994
0.0005030347
0.0005026722
0.0005023095
0.0005019490
0.0005015912
0.0005012354
0.0005008833
0.0005005345
0.0005001907
0.0004998508
0.0004995164
0.0004991878
0.0004988655
0.0004985505
0.0004982413
0.0004979403
0.0004976468
0.0004973626
0.0004970863
0.0004968196
0.0004965629
0.0004963155
0.0004960783
0.0004958525
0.0004956372
0.0004954333
0.0004952408
0.0004950603
0.0004948920
0.0004947354
0.0004945922
0.0004944614
0.0004943436
0.0004942394
0.0004941472
0.0004940701
0.0004940056
0.0004939549
0.0004939174
0.0004938937
0.0004938845
0.0004938662
0.0004937934
0.0004936651
0.0004934810
0.0004932417
0.0004929472
0.0004925981
0.0004921950
0.0004917378
0.0004912277
0.0004906647
0.0004900496
0.0004893832
0.0004886668
0.0004879002
0.0004870851
0.0004862225
0.0004853129
0.0004843576
0.0004833578
0.0004823146
0.0004812293
0.0004801026
0.0004789370
0.0004777328
0.0004764924
0.0004752157
0.0004739054
0.0004725636
0.0004711906
0.0004697881
0.0004683585
0.0004669030
0.0004654240
0.0004639222
0.0004624003
0.0004608593
0.0004593014
0.0004577284
0.0004561417
0.0004545441
0.0004529372
0.0004513220
0.0004497017
0.0004480773
0.0004464509
0.0004448249
0.0004432003
0.0004415797
0.0004399654
0.0004383579
0.0004367601
0.0004351739
0.0004336007
0.0004320428
0.0004305021
0.0004289795
0.0004274775
0.0004259984
0.0004245430
0.0004231135
0.0004217112
0.0004203381
0.0004189957
0.0004176857
0.0004164095
0.0004151684
0.0004139642
0.0004127981
0.0004116719
0.0004105862
0.0004095428
0.0004085427
0.0004075872
0.0004066774
0.0004058148
0.0004049996
0.0004042331
0.0004035163
0.0004028498
0.0004022346
0.0004016719
0.0004011611
0.0004007040
0.0004003003
0.0003999516
0.0003996569
0.0003994174
0.0003992332
0.0003991045
0.0003990314
0.0003990117
0.0003989669
0.0003988563
0.0003986803
0.0003984389
0.0003981330
0.0003977624
0.0003973274
0.0003968284
0.0003962663
0.0003956414
0.0003949537
0.0003942054
0.0003933956
0.0003925257
0.0003915967
0.0003906092
0.0003895646
0.0003884636
0.0003873072
0.0003860964
0.0003848330
0.0003835175
0.0003821513
0.0003807360
0.0003792732
0.0003777634
0.0003762089
0.0003746109
0.0003729710
0.0003712905
0.0003695713
0.0003678152
0.0003660234
0.0003641983
0.0003623407
0.0003604535
0.0003585376
0.0003565955
0.0003546284
0.0003526390
0.0003506286
0.0003485994
0.0003465535
0.0003444926
0.0003424185
0.0003403339
0.0003382400
0.0003361393
0.0003340338
0.0003319255
0.0003298161
0.0003277080
0.0003256033
0.0003235036
0.0003214115
0.0003193285
0.0003172568
0.0003151988
0.0003131558
0.0003111302
0.0003091235
0.0003071382
0.0003051759
0.0003032384
0.0003013281
0.0002994461
0.0002975948
0.0002957758
0.0002939906
0.0002922415
0.0002905293
0.0002888567
0.0002872246
0.0002856347
0.0002840885
0.0002825878
0.0002811336
0.0002797275
0.0002783710
0.0002770654
0.0002758120
0.0002746113
0.0002734654
0.0002723751
0.0002713412
0.0002703650
0.0002694472
0.0002685889
0.0002677906
0.0002670535
0.0002663781
0.0002657649
0.0002652148
0.0002647280
0.0002643054
0.0002639470
0.0002636530
0.0002634244
0.0002632608
0.0002631625
